8    .05759009999999999999   .00000088381898888888  .00094011647623519501   .00029729093307547742               .01186450000000000000       .00000003829672222222  .00019569548339759913  .00006188434553440797
16    .05739959999999999999   .00000058240248888888  .00076315299179711010   .00024133016572506637               .01200729999999999999       .00000008196667777777  .00028629823222955813  .00009053545039252303
24    .05706430000000000001   .00000003058667777777  .00017489047366214661   .00005530522378380725               .01255080000000000001       .00000000731217777777  .00008551127281107444  .00002704103877030244
32    .05694640000000000000   .00000001715937777777  .00013099380816576789   .00004142387931829900               .01276540000000000000       .00000003625604444444  .00019041020047371411  .00006021299232262086
40    .05888370000000000000   .00000005601823333333  .00023668171313671447   .00007484532940226130               .01433700000000000001       .00000006597866666666  .00025686312827391166  .00008122725322615556
48    .05877569999999999999   .00000009836045555555  .00031362470495091741   .00009917683981431854               .01571160000000000001       .00000006828671111110  .00026131726141053139  .00008263577379749039
56    .06119060000000000002   .00000009965159999999  .00031567641660407576   .00009982564800690752               .01800840000000000002       .00000074250382222222  .00086168661485613202  .00027248923322256606
64    .06108800000000000001   .00000004011555555555  .00020028868054772840   .00006333684200806825               .02045030000000000000       .00000014050734444444  .00037484309309955278  .00011853579393771317
72    .06927840000000000000   .00000005865004444444  .00024217771252623557   .00007658331701123946               .02393859999999999998       .00000007003337777777  .00026463820165986996  .00008368594731361412
80    .06964710000000000002   .00000169850165555555  .00130326576551198873   .00041212882155408034               .02832760000000000001       .00000005700115555555  .00023874914775879305  .00007549910963418707
88    .08232970000000000000   .00000001825823333333  .00013512303035874380   .00004272965402777092               .03393120000000000001       .00000034124639999999  .00058416299095371490  .00018472855761900756
96    .08159550000000000002   .00000082827361111110  .00091009538572124405   .00028779743068886142               .04027240000000000001       .00000015432715555555  .00039284495103736537  .00012422848125754013
104    .08992139999999999999   .00000003279959999999  .00018110659844409314   .00005727093503688411               .04850880000000000000       .00000018321751111110  .00042803914670401351  .00013535786312996375
112    .08995540000000000001   .00000008363159999999  .00028919128617575945   .00009145031437889647               .05779270000000000001       .00000128450889999999  .00113336176925110280  .00035840046037916720
120    .10519850000000000002   .00000313570138888888  .00177079117596877582   .00055997333765893532               .06755600000000000000       .00000003922822222221  .00019806115778266570  .00006263243746032082
128    .10340740000000000000   .00000009828137777777  .00031349860889287850   .00009913696473958136               .07930360000000000000       .00000003417959999999  .00018487725657849318  .00005846332183513865
136    .13432870000000000000   .00000004815978888888  .00021945338659697188   .00006939725418838990               .09276739999999999999       .00000131358804444444  .00114611868689260973  .00036243455194620172
144    .13444380000000000001   .00000006367795555555  .00025234491386899399   .00007979846837850335               .10768190000000000000       .00000248047409999999  .00157495209450954094  .00049804358243029193
152    .16465450000000000001   .00026445036872222221  .01626193004296298803   .00514247380860828701               .12249199999999999998       .00000315448666666666  .00177608746030893985  .00056164816982401536
160    .17825860000000000000   .00000013071493333333  .00036154520233759153   .00011433063164932222               .14279270000000000001       .00000003583067777777  .00018928993047114260  .00005985873184237200
168    .18487110000000000002   .00065392276165555555  .02557191353136396693   .00808654908879897636               .11870389999999999998       .00000408912743333333  .00202215910188425332  .00063946285531947279
176    .16697400000000000000   .00000002208799999999  .00014862032162524073   .00004699787229225382               .13663750000000000000       .00001443959183333333  .00379994629348012364  .00120164852737118310
184    .00219539999999999999   .00000002322626666666  .00015240166228312603   .00004819363720104553               .16880399999999999998       .00008611121799999999  .00927961303072493373  .00293447129820688465
192    .21433710000000000002   .00009432575565555555  .00971214475054586230   .00307124983769727776               .17143040000000000001       .00000885772559999999  .00297619313889404529  .00094115490754710459
200    .26407970000000000001   .00000003441401111111  .00018551013748879062   .00005866345635155671               .19154920000000000000       .00000001990639999999  .00014109004217162173  .00004461658884315339
208    .26405309999999999999   .00000005428698888888  .00023299568427093236   .00007367970472856144               .21408019999999999999       .00000002143173333333  .00014639581050470672  .00004629442011012774
216    .32578819999999999999   .00000003217484444444  .00017937347753901634   .00005672287408483459               .23817900000000000000       .00000003192133333333  .00017866542288123351  .00005649896754218611
224    .32570920000000000001   .00000003533284444444  .00018797032862779167   .00005944143709941743               .26436619999999999999       .00000005561884444444  .00023583647818868055  .00007457804264288517
232    .00215420000000000000   .00000000999573333333  .00009997866439060885   .00003161602968958942               .31210070000000000002       .00105701642845555555  .03251178906882172102  .01028113042644414442
240    .39765140000000000001   .00000216026915555555  .00146978541139703451   .00046478695717022331               .32271389999999999999       .00000003510032222222  .00018735079989746507  .00005924552491304300
248    .47917100000000000001   .00001424556644444444  .00377432993317283273   .00119354792297772610               .35491670000000000000       .00000004962956666666  .00022277694375015561  .00007044825524217047
256    .48822730000000000001   .00011779255667777777  .01085322793816557461   .00343209202495763172               .38934560000000000001       .00000314628159999999  .00177377608507950912  .00056091724879878582
264    .62698880000000000001   .00021542172417777777  .01467725192867444685   .00464135458867104625               .42561560000000000001       .00000003702959999999  .00019243076677077914  .00006085195148883065
272    .61914100000000000000   .00026339801999999999  .01622954158317479988   .00513223167832474209               .48302299999999999999       .00060078342822222222  .02451088387272523919  .00775102205017004334
280    .00224200000000000001   .00000006504799999999  .00025504509405199308   .00008065234032561609               .55657380000000000003       .00214023786128888888  .04626270486351710153  .01462955180888631625
288    .67566780000000000000   .00000007345328888888  .00027102267227831696   .00008570489419448576               .54822610000000000000       .00000001419054444444  .00011912407164146128  .00003767033905400905
296    .00259420000000000000   .00000168484173333333  .00129801453510094793   .00041046823669235723               .59604420000000000000       .00000005828484444444  .00024142254336420201  .00007634451155416478
304    .00217620000000000001   .00000002367217777777  .00015385765427098516   .00004865406229470464               .66272720000000000002       .00234320221328888888  .04840663398015698509  .01530752172393979939
312    .00232570000000000002   .00000014017134444444  .00037439463730726699   .00011839397976436132               .69627410000000000000       .00000002568454444444  .00016026398361590791  .00005067992151181767
320    .91922650000000000001   .00000003119649999999  .00017662530962461184   .00005585382708462330               .75009550000000000001       .00000006445138888888  .00025387278091374821  .00008028162236083672
328    .00217470000000000002   .00000001542601111110  .00012420149399705303   .00003927596098264178               .83143320000000000002       .00448565520595555555  .06697503419898757729  .02117936544364716218
336    .00216940000000000002   .00000001545426666666  .00012431519081214491   .00003931191507248152               .86736860000000000001       .00000003598248888888  .00018969050816759387  .00005998540563243695
344    .00221380000000000000   .00000002136751111110  .00014617630146880854   .00004622500525808515               .95430980000000000001       .00355219626862222221  .05960030426618829107  .01884727107202053856
352    1.22023600000000000002   .00000007295399999999  .00027009998148831850   .00008541311374724023               .99849130000000000001       .00000003015778888888  .00017365998067741456  .00005491610773614604
360    .00217930000000000000   .00000000732134444444  .00008556485519440794   .00002705798300768185               1.08475780000000000002       .00307546549995555555  .05545687964495979059  .01753700516039028697
368    .00221290000000000001   .00000001566832222221  .00012517316893891438   .00003958323157880114               1.13882969999999999998       .00000021229067777777  .00046075012509794286  .00014570198275170108
376    .00215969999999999999   .00000000413823333333  .00006432910176063396   .00002034264813963511               1.22791500000000000002       .00230844665866666666  .04804629703386793428  .01519357317640148353
384    1.58355580000000000001   .00106709686328888888  .03266644858702716217   .01033003806037949155               1.30473200000000000002       .00199147885222222221  .04462598852935609996  .01411197665893131432
392    .00216670000000000001   .00000000990245555555  .00009951108257651506   .00003146816733708844               1.37392249999999999999       .00000015210094444444  .00039000121082432551  .00012332921164283828
400    .00256150000000000002   .00000157317872222222  .00125426421547543960   .00039663317085466010               1.48132020000000000002       .00050087235595555555  .02238017774629047824  .00707723361176918865
408    .00221950000000000001   .00000003256472222222  .00018045698163889365   .00005706550816580888               1.54545270000000000001       .00000452108356666666  .00212628398072004013  .00067239003314048758
416    1.99321230000000000000   .00002591687712222221  .00509086211974182325   .00160987195522570085               1.64058050000000000002       .00000223607027777777  .00149534955036532177  .00047287104772630878
424    .00258820000000000000   .00000222488062222221  .00149160337295884726   .00047168640241395659               1.73418340000000000001       .00000687787693333332  .00262257067270518374  .00082932966505083610
432    .00218549999999999998   .00000000556516666666  .00007460004468269439   .00002359060547476473               1.83917630000000000000       .00002799031134444444  .00529058705102226250  .00167303052406238063
440    .00210109999999999999   .00000000052187777777  .00002284464440016521   .00000722411086411331               1.94537840000000000000       .00000852982915555555  .00292058712514376978  .00092357074204175339
448    2.47973490000000000002   .00000404694632222221  .00201170234433979074   .00063615613824140768               2.05439070000000000001       .00001512175401111110  .00388866995399598035  .00122970541232894880
456    .00238770000000000001   .00000057009467777777  .00075504614281364950   .00023876655498159075               2.16423100000000000000       .00002073347644444444  .00455340273251163673  .00143991237387712034
464    .00214679999999999999   .00000000576439999999  .00007592364585549089   .00002400916491673544               2.29318969999999999999       .00065030420045555555  .02550106273188542136  .00806414409875936895
472    .00220620000000000001   .00000003509084444444  .00018732550398821832   .00005923752564417254               2.40306959999999999999       .00001637277626666666  .00404632873932243177  .00127956149780566076
480    3.05817390000000000002   .00027527998876666666  .01659156378303945947   .00524671314983644460               2.53572850000000000000       .00001941416916666666  .00440615128731035062  .00139334737831836680
488    .00214270000000000001   .00000000455889999999  .00006751962677614561   .00002135158073771119               2.65675199999999999998       .00000314041355555555  .00177212120227583474  .00056039392890676019
496    .00212479999999999999   .00000000155239999999  .00003940050761081638   .00001245953450169788               2.79203360000000000000       .00002524904959999999  .00502484324133599116  .00158899495279248731
504    .00218029999999999999   .00000000474534444444  .00006888646053064419   .00002178381152241269               2.93045659999999999998       .00001696417937777777  .00411875944645687823  .00130246609851380661
512    3.69578960000000000000   .00000016312826666666  .00040389140454664295   .00012772167657318783               3.06508280000000000002       .00053556068395555555  .02314218407919951599  .00731820117211569655
