8 ,   .05772620000000000001 ,  .00000292538595555555 , .00171037596906514972 ,  .00054086837174635660       ,        .01283510000000000002  ,     .00000909414454444444 , .00301564993731773184 , .00095363224276680368
16 ,   .06118830000000000002 ,  .00004513184089999999 , .00671802358584725348 ,  .00212442559060090381       ,        .01275890000000000002  ,     .00000300886609999999 , .00173460834196079836 , .00054853132089243454
24 ,   .06167790000000000001 ,  .00009552361609999999 , .00977361837294663301 ,  .00309068950397803612       ,        .01309170000000000000  ,     .00000291846378888888 , .00170835119015057322 , .00054022808043352207
32 ,   .05977580000000000002 ,  .00003648893862222222 , .00604060747129146109 ,  .00191020780603111922       ,        .01330060000000000000  ,     .00000111003404444444 , .00105358153193971656 , .00033317173416189434
40 ,   .06164730000000000000 ,  .00006164695645555555 , .00785155758149652431 ,  .00248288051374921282       ,        .01497760000000000001  ,     .00000337015693333333 , .00183579871808794168 , .00058053052747752464
48 ,   .06310910000000000001 ,  .00003510064165555555 , .00592457944967873226 ,  .00187351652396117259       ,        .01777449999999999999  ,     .00001695586383333333 , .00411774985074777581 , .00130214683631813697
56 ,   .06302200000000000000 ,  .00000842633222222221 , .00290281453458918212 ,  .00091795055543434418       ,        .01855950000000000001  ,     .00000296306116666666 , .00172135445700955501 , .00054434007446325867
64 ,   .06859610000000000002 ,  .00027303228676666666 , .01652368865497854446 ,  .00522524914972163465       ,        .02371760000000000000  ,     .00004471719337777777 , .00668709154848187867 , .00211464402152650198
72 ,   .07435630000000000001 ,  .00031196648201111110 , .01766257291594605420 ,  .00558539597531912771       ,        .02421360000000000001  ,     .00000149259271111111 , .00122171711582964654 , .00038634087424334355
80 ,   .08317890000000000002 ,  .00071556327565555555 , .02675001449823075422 ,  .00845909732569353731       ,        .02982820000000000001  ,     .00000684019573333333 , .00261537678611196096 , .00082705475836448277
88 ,   .09167420000000000000 ,  .00063297425195555555 , .02515897954917002491 ,  .00795596789809734934       ,        .03355710000000000000  ,     .00000024343387777777 , .00049339018816527959 , .00015602367697813367
96 ,   .09138950000000000001 ,  .00028421774916666666 , .01685875882639842084 ,  .00533120764148862110       ,        .04483250000000000001  ,     .00004821898227777777 , .00694398893128278034 , .00219588210698520356
104 ,   .09779099999999999999 ,  .00017724381133333332 , .01331329453341032788 ,  .00421003338862452871       ,        .04936150000000000000  ,     .00000419966027777777 , .00204930726778044926 , .00064804785917228134
112 ,   .09563660000000000001 ,  .00007944326871111111 , .00891309534960280282 ,  .00281856823069996142       ,        .06976770000000000001  ,     .00074884876401111110 , .02736510120593583881 , .00865360482117776799
120 ,   .11443730000000000000 ,  .00023670801423333333 , .01538531813884046175 ,  .00486526478450385400       ,        .07291930000000000000  ,     .00008591988689999999 , .00926929808022160812 , .00293120942445264374
128 ,   .10795040000000000001 ,  .00006463271982222221 , .00803944773117048196 ,  .00254229659603717775       ,        .08470600000000000003  ,     .00025853395466666666 , .01607899109604413768 , .00508462343410666607
136 ,   .14277730000000000002 ,  .00025038270401111110 , .01582348583628497137 ,  .00500382557660747303       ,        .10822370000000000001  ,     .00104578159023333333 , .03233854650774108817 , .01022634631837458030
144 ,   .14694840000000000001 ,  .00041126319559999999 , .02027962513460246360 ,  .00641298055197425333       ,        .11484070000000000001  ,     .00019032478512222222 , .01379582491633690674 , .00436262289365265010
152 ,   .18772950000000000001 ,  .00048839301027777777 , .02209961561380147104 ,  .00698851207538326980       ,        .12185110000000000000  ,     .00002741935321111110 , .00523634922547294395 , .00165587901765530865
160 ,   .16363370000000000003 ,  .00068468820578888888 , .02616654745641634854 ,  .00827458884651611484       ,        .12592420000000000002  ,     .00015771781217777777 , .01255857524473926023 , .00397137019399825996
168 ,   .18643460000000000001 ,  .00033446195382222222 , .01828830100972264235 ,  .00578326857254807266       ,        .13283409999999999997  ,     .00019534533298888888 , .01397659947873190218 , .00441978882967149098
176 ,   .19991770000000000000 ,  .00044795960067777777 , .02116505612271741106 ,  .00669297841530792454       ,        .14571410000000000001  ,     .00010034988765555555 , .01001747910681901796 , .00316780503906972705
184 ,   .00212840000000000000 ,  .00000000440115555555 , .00006634120556298325 ,  .00002097893123004601       ,        .16398270000000000002  ,     .00016425720556666666 , .01281628673082288136 , .00405286572151936289
192 ,   .22584420000000000001 ,  .00048825531551111111 , .02209650007379248081 ,  .00698752685512629074       ,        .17735620000000000001  ,     .00012631221617777777 , .01123887076968935389 , .00355404299605080424
200 ,   .27754080000000000000 ,  .00046567106239999999 , .02157941292992003501 ,  .00682400954278347994       ,        .20501540000000000001  ,     .00040122411626666666 , .02003057952897685534 , .00633422541647095678
208 ,   .27634400000000000002 ,  .00034856628133333333 , .01866992986953441477 ,  .00590395021433390247       ,        .22177420000000000002  ,     .00012633933662222222 , .01124007725161274058 , .00355442451913417652
216 ,   .35142840000000000000 ,  .00066721639426666666 , .02583053221028685386 ,  .00816833149588498679       ,        .25284110000000000001  ,     .00039233534698888888 , .01980745685313712553 , .00626366783114245993
224 ,   .34478650000000000001 ,  .00049228792472222221 , .02218756238801870298 ,  .00701632328732237230       ,        .27426309999999999998  ,     .00014406915476666666 , .01200288110274640102 , .00379564427688721456
232 ,   .00247659999999999999 ,  .00000066560648888888 , .00081584709896455475 ,  .00025799350551687924       ,        .31969200000000000000  ,     .00165195470844444443 , .04064424569904630952 , .01285283901884888788
240 ,   .41804840000000000000 ,  .00053491124115555555 , .02312814824311612609 ,  .00731376265102686764       ,        .33493920000000000002  ,     .00039897360084444444 , .01997432353909499584 , .00631643571046555052
248 ,   .49496850000000000001 ,  .00031413965516666666 , .01772398530711043723 ,  .00560481627858279276       ,        .36779910000000000002  ,     .00031994546143333333 , .01788701935576001242 , .00565637217157192839
256 ,   .49567360000000000000 ,  .00051536928648888888 , .02270174633126026452 ,  .00717892252701537990       ,        .40900410000000000001  ,     .00071365746609999999 , .02671436815835253832 , .00844782496326717217
264 ,   .64257830000000000000 ,  .00059246360712222221 , .02434057532438833315 ,  .00769716575839589288       ,        .43826990000000000000  ,     .00031849444365555555 , .01784641262706753482 , .00564353119647225437
272 ,   .63181700000000000001 ,  .00049768094866666666 , .02230876394304863005 ,  .00705465058430725298       ,        .48338890000000000000  ,     .00059368825943333333 , .02436571893938968774 , .00770511686759735870
280 ,   .00254230000000000000 ,  .00000081027845555555 , .00090015468423796473 ,  .00028465390486616374       ,        .55088500000000000002  ,     .00315055420888888888 , .05612979786966000539 , .01774980058729925247
288 ,   .70107660000000000000 ,  .00061143289226666666 , .02472716911145848616 ,  .00781941744803707650       ,        .56916960000000000000  ,     .00059906606982222221 , .02447582623369887813 , .00773993585129891247
296 ,   .00227470000000000000 ,  .00000006292134444444 , .00025084127340698938 ,  .00007932297551431110       ,        .62203190000000000000  ,     .00071306149254444444 , .02670321127775542354 , .00844429684784022996
304 ,   .00229750000000000001 ,  .00000006851138888888 , .00026174680301558603 ,  .00008277160677966810       ,        .67836170000000000002  ,     .00184592462267777777 , .04296422491652535060 , .01358648086399777685
312 ,   .00251280000000000001 ,  .00000098178128888888 , .00099084877195709335 ,  .00031333389361651892       ,        .73096279999999999999  ,     .00081461078906666666 , .02854138730101721351 , .00902557914522202092
320 ,   .94336600000000000000 ,  .00077401128533333332 , .02782105830721278151 ,  .00879779111671408870       ,        .76850470000000000000  ,     .00072595496289999999 , .02694355141587686079 , .00852029907280255033
328 ,   .00253560000000000002 ,  .00000152159693333333 , .00123353027256461363 ,  .00039007652240724895       ,        .85022770000000000001  ,     .00258207335423333333 , .05081410585883936745 , .01606883117788388904
336 ,   .00220789999999999999 ,  .00000000463565555555 , .00006808564867540001 ,  .00002153057257842902       ,        .90324679999999999999  ,     .00088111334373333333 , .02968355342160593363 , .00938676378595591021
344 ,   .00217349999999999998 ,  .00000001268472222222 , .00011262647212010149 ,  .00003561561767289737       ,        .97880200000000000001  ,     .00541546161355555555 , .07358982004024439486 , .02327114439290761555
352 ,   1.25672970000000000000 ,  .00161664598489999999 , .04020753641918390391 ,  .01271473941887917728       ,        1.02876069999999999999  ,     .00105055161867777777 , .03241221403541846553 , .01024964203607998092
360 ,   .00225350000000000001 ,  .00000003440161111110 , .00018547671312350777 ,  .00005865288663919278       ,        1.11504780000000000000  ,     .00576451989351111110 , .07592443541779623335 , .02400941459825939008
368 ,   .00216340000000000002 ,  .00000000693693333333 , .00008328825447402532 ,  .00002633805864776293       ,        1.16066940000000000001  ,     .00073767462626666666 , .02716016616787656290 , .00858879867191370751
376 ,   .00216680000000000001 ,  .00000001128262222221 , .00010621968848669252 ,  .00003358961479715121       ,        1.25266410000000000001  ,     .00334327569454444444 , .05782106618304823718 , .01828462658777707836
384 ,   1.61387099999999999999 ,  .00054893572377777777 , .02342937736641282940 ,  .00740901966374619476       ,        1.30820990000000000001  ,     .00075828128365555555 , .02753690766327177032 , .00870793479336837679
392 ,   .00213160000000000000 ,  .00000000687648888888 , .00008292459761060043 ,  .00002622306025024539       ,        1.40012700000000000000  ,     .00072966935377777777 , .02701239259632100360 , .00854206856550436364
400 ,   .00221700000000000000 ,  .00000001827511111110 , .00013518546930458169 ,  .00004274939895612568       ,        1.48069870000000000002  ,     .00112102118689999999 , .03348165448271635202 , .01058782879961703947
408 ,   .00242750000000000000 ,  .00000086777716666666 , .00093154557948962432 ,  .00029458057754486462       ,        1.57040749999999999999  ,     .00079944265383333333 , .02827441694948515344 , .00894115570736430766
416 ,   2.00403439999999999999 ,  .00048228146582222221 , .02196090767300436992 ,  .00694464877313620670       ,        1.66422829999999999999  ,     .00072917394934444444 , .02700322109201871568 , .00853916828118783732
424 ,   .00216159999999999998 ,  .00000000354226666666 , .00005951694436595346 ,  .00001882091035699389       ,        1.75685320000000000001  ,     .00068147754617777777 , .02610512490255079721 , .00825516532952416265
432 ,   .00224429999999999999 ,  .00000004227023333333 , .00020559726003361523 ,  .00006501556223961306       ,        1.86327960000000000000  ,     .00085085011782222222 , .02916933523106452661 , .00922415371631578036
440 ,   .00218330000000000000 ,  .00000000960112222221 , .00009798531636020776 ,  .00003098567769504162       ,        1.97461870000000000001  ,     .00061643373312222221 , .02482808355717819413 , .00785132939776584720
448 ,   2.52966210000000000000 ,  .00612249441521111110 , .07824636998104839304 ,  .02474367477803390281       ,        2.07591250000000000000  ,     .00069350034872222222 , .02633439478556935091 , .00832766683244606165
456 ,   .00234260000000000002 ,  .00000046302648888888 , .00068046049766968839 ,  .00021518050304079131       ,        2.19883710000000000000  ,     .00250894939009999999 , .05008941395245107067 , .01583966347527623450
464 ,   .00219400000000000001 ,  .00000001840577777777 , .00013566789516230433 ,  .00004290195540738207       ,        2.34159230000000000001  ,     .00262272980956666666 , .05121259424757416699 , .01619484427083714398
472 ,   .00218370000000000001 ,  .00000000872445555555 , .00009340479407155716 ,  .00002953718936451130       ,        2.45426120000000000002  ,     .00316110946639999999 , .05622374468496384304 , .01777950917882718153
480 ,   3.14732109999999999999 ,  .00809464398809999999 , .08997023945783405543 ,  .02845108783175082742       ,        2.59040120000000000000  ,     .00322596560817777777 , .05679758452766964076 , .01796097327033748961
488 ,   .00246760000000000000 ,  .00000051181204444444 , .00071541040280697624 ,  .00022623263346485625       ,        2.70190310000000000000  ,     .00268277957343333333 , .05179555553745256751 , .01637919281720968485
496 ,   .00233440000000000001 ,  .00000041774604444444 , .00064633276603034755 ,  .00020438836670526040       ,        2.84967770000000000000  ,     .00364446064378888888 , .06036936842297498212 , .01909047051224481706
504 ,   .00258620000000000002 ,  .00000175681906666666 , .00132545051460500025 ,  .00041914425519940744       ,        2.96647180000000000000  ,     .00309611845573333333 , .05564277541364497150 , .01759579056403358459
512 ,   3.78995790000000000000 ,  .00800299476521111110 , .08945945878000330882 ,  .02828956479907584421       ,        3.11226179999999999999  ,     .00345232641906666666 , .05875650107917137248 , .01858043707523229029
2 ,    ,   ,  ,         ,          ,      ,  , 
10 ,    ,   ,  ,         ,          ,      ,  , 
2 ,    ,   ,  ,         ,          ,      ,  , 
4                                     
12                                     
20                                     
28                                     
36                                     
44                                     
52                                     
60                                     
68                                     
76                                     
84                                     
92                                     
100                                     
108                                     
116                                     
124                                     
132    .13722300000000000000                      .09230500000000000000           
140    .13821800000000000000                      .10719100000000000000           
148    .18211300000000000000                      .12392300000000000000           
156    .18364100000000000000                      .14346800000000000000           
164    .24212300000000000000                      .17491800000000000000           
172    .24448000000000000000                      .18996500000000000000           
180    .30969900000000000000                      .18742400000000000000           
188    .27317600000000000000                      .19287900000000000000           
196    .30029200000000000000                      .24942300000000000000           
204    .27484900000000000000                      .21496500000000000000           
212    .38733100000000000000                      .24200000000000000000           
220    .33929200000000000000                      .27461300000000000000           
228    .41330800000000000000                                 
236    .41725800000000000000                      .35139000000000000000           
244    .49943400000000000000                                 
252    .49777000000000000000                                 
260    .67128600000000000000                                 
268    .62247800000000000000                                 
276    .68443500000000000000                      .50477300000000000000           
284    .71750300000000000000                                 
292    .87144500000000000000                                 
300    .88233400000000000000                                 
308    .94280400000000000000                                 
316    .97477700000000000000                      .79362600000000000000           
324    1.16481200000000000000                                 
332    1.15669900000000000000                                 
340    1.25068500000000000000                                 
348    1.30496700000000000000                                 
356    1.54893800000000000000                                 
364    1.55009700000000000000                                 
372    1.66325800000000000000                                 
380    1.67117800000000000000                                 
388    1.95518500000000000000                                 
